75241109
75136335
74985662
74895211
74780654
74722008
74569227
74469986
74315097
74180269
74058888
73915909
73753748
73656037
73525249
73397916
73293835
73181928
72020462
71893510
71800805
71650114
71565224
71456651
71242175
71078670
70949700
70792870
70688758
70580693
70433524
70236649
70106119
69963223
69827109
69658349
69544456
69427824
69324310
69188555
68987758
68879941
68784922
68680155
68539090
68414902
68306365
68194656
68090910
68017343
67887968
67596449
67500585
67381494
67309798
67216544
67102866
66982133
66846074
66735923
66648216
66426441
66334289
66197428
66047870
65833485
65683723
65465559
65169704
64983197
64763220
64638948
64485362
64329969
63805401
63442482
63150429
62539250
62199329
62083782
61866055
61674981
61555615
61393393
61182285
61041881
60896327
60760210
60623884
60470769
60336939
60153634
59752620
59634820
59477374
59331804
59193607
59054157
58937921
58667508
58502436
58391382
58135350
57930292
57753822
57629819
57498656
57266038
57139910
56917341
56833240
56730312
56609709
56488071
56366536
56241075
56071861
55872907
55762284
55600094
55476361
55403516
55307097
55114423
54991990
54699650
54570091
53991727
53908366
53813233
53714861
53554797
53426855
53228003
53148117
53082905
52977395
52819644
52797600
52694024
52600712
52523684
52482916
52420570
52382747
52278093
52154956
52110134
52054102
51955404
51768638
51624849
51535686
51513185
51462113
51383098
51350096
51158878
50985654
50918050
50828485
50719392
50628671
50532348
50505515
50474486
50403562
50364830
50266087
50217256
50178612
50079430
50025260
49944180
49851472
49727949
49692262
49585911
49441679
49333709
49275624
49145251
49056251
48971863
48956171
48866708
48741061
48667137
48583543
48241329
48160214
48140808
48086858
48012851
47906851
47898684
47809334
47726921
47679942
47639844
47579041
47445484
47427832
47390553
47236161
47129400
47041652
47011746
46949101
46921603
46864902
46781709
46758875
46695276
46603372
46576206
46515524
46409094
46305683
46274331
46228404
46179280
46150427
46033019
46010725
45941264
45860547
45798458
45750911
45648312
45605861
45564273
45482822
45397720
45364977
45220836
45170916
45089537
44998267
44973205
44730574
44709495
44491279
44388976
44246982
44217589
43998960
43757013
43525436
43447459
43290563
43143753
42964664
42778935
42728038
